1111111111111111111111D1111111111111111111111
101000000000000010000000000000000000000000001
101000000000111110000000000000000000001111111
101000000000000000000011111111111100001000001
100000000000111111111110000000000100001000001
101000000000100000000000000000000000001000001
101000000000100000000000000000000000000000001
100000000000100000000000000000000000000000001
100000000000100000000000000000000000000000001
111111111111111111111110011111111111111111111
111111111111111111111100011111111111111111111
101000000000000010000000000000000000000000001
101000000000111110000000000000000000001111111
101000000000000000000011111111111100001000001
100000000000111111111110000000000100001000001
101000000000100000000000000000000000001000001
101000000000100000000000000000000000000000001
100000000000100000000000000000000000000000001
100000000000100000000000000000000000000000001
111111111111111111111110011111111111111111111
111111111111111111111100011111111111111111111
101000000000000010000000000000000000000000001
101000000000111110000000000000000000001111111
101000000000000000000011111111111100001000001
100000000000111111111110000000000100001000001
101000000000100000000000000000000000001000001
101000000000100000000000000000000000000000001
100000000000100000000000000000000000000000001
100000000000100000000000000000000000000000001
111111111111111111111110011111111111111111111
111111111111111111111100011111111111111111111
101000000000000010000000000000000000000000001
101000000000111110000000000000000000001111111
101000000000000000000011111111111100001000001
100000000000111111111110000000000100001000001
101000000000100000000000000000000000001000001
101000000000100000000000000000000000000000001
100000000000100000000000000000000000000000001
100000000000100000000000000000000000000000001
111111111111111111111111011111111111111111111
100000000000000000000000000000000000000000001
100000000000000000000000000000000000000000001
100000000000000000000000000000000000000000001
100000000000000000000000000000000000000000001
1111111111111111111111111A1111111111111111111
